survives
<path class="vine-path" d="M3,235c9.42314,0 24.11158,2.96281 33,0c16.44234,-5.48078 24.93326,-9.06674 38,4c11.33044,11.33044 1.60721,72.60721 21,92c23.15839,23.15839 68.65327,5.79196 89,18c22.92771,13.75663 25.64211,43.28422 36,64c6.1788,12.35761 17.99456,18.99456 28,29c19.09592,19.09592 78.54988,-13.75561 114,2c49.87743,22.16774 96.14398,61.80934 155,52c14.44443,-2.4074 89.50495,-31.0033 103,-40c10.15656,-6.77104 15.80545,-19.80545 24,-28c14.01923,-14.01923 10,-47.85483 10,-66c0,-41.66985 -0.97633,-83.92898 -14,-123c-4.29716,-12.89149 -16.59296,-22.88943 -24,-34c-3.21814,-4.82721 -5.5769,-12.5769 -9,-16c-1.14291,-1.14291 0,-11.2084 0,-13c0,-29.78585 17.20439,-48.40878 29,-72c2.10863,-4.21726 8.61321,-7.83964 10,-12c1.24092,-3.72276 3.61609,-6.61609 6,-9c0.44434,-0.44434 0,-5.76198 0,-6c0,-5.78534 8.14155,-72.85845 5,-76c-1.68844,-1.68844 -7,-4.65622 -7,-7"/>

wrong tree
<path class="vine-path" d="M3,235c9.4,0,24.1,3,33,0c16.4-5.5,24.9-9.1,38,4
  c11.3,11.3,1.6,72.6,21,92c23.2,23.2,68.7,5.8,89,18c22.9,13.8,25.6,43.3,36,64c6.2,12.4,18,19,28,29c19.1,19.1,78.5-13.8,114,2
  c49.9,22.2,105.3,20.7,164.3,20.7c22,3,90.7,29.8,120.5,90.7c16.4,28.3,17.9,38.7,29.8,68.4c25.3,44.6,59.5,49.1,89.3,41.7
  c32-8,42-26.2,77.2-20.5c7,2.2,32.6,22.9,46,23c22.6,0.2,55.5,15.8,60,16c4.6,0.3,12.2,5.6,14,6c19.6,4,15.8,10.1,33,2
  c5.8-2.2,13.8,3.1,20,2c4.2,0.3,8.3,1.7,12.5,1.8c5.3,1,10.3,0.7,10.5,0.6c7.6-1.3,11.1-0.6,15.7,1.3c5.9,1.5,20.1,9.9,20.1,7.6"/>
</svg>

gets killed by leaf
<path class="vine-path" d="M7,233c20.83254,0 41.34788,-1 62,-1c0.64044,0 5.80483,-0.39034 6,0c4.638,9.276 1.98788,17.93942 4,28c1.9888,9.94398 0.56536,28.13072 5,37c5.96215,11.92431 16.76698,30.76698 23,37c18.79686,18.79686 54.65605,-0.00796 76,16c6.99045,5.24284 27.5702,35.4957 30,44c3.52476,12.33665 -0.73545,28.5291 5,40c1.07584,2.15167 26.61285,5.31796 29,6c5.91384,1.68967 75.34127,15.65873 82,9c3.49858,-3.49858 26.31591,-1.13682 32,0c24.81993,4.96399 46.03018,26.67673 68,34c7.6275,2.5425 19.13888,-0.78611 27,0c45.46577,4.54658 81.04557,0.97722 119,-18c23.4547,-11.72735 42.63373,-12.63373 64,-34c2.50507,-2.50507 4.21629,-11.43259 6,-15c15.00874,-30.01748 15,-54.33357 15,-85"/>

leaf falling motion
<path class="vine-path" d="M577,4c0,3.31824 30.09669,23.7096 35,28c40.13229,35.11576 81.0229,39 133,39c14.56737,0 62.46191,-1.15235 56,-27c-6.48416,-25.93664 -51.26343,-4.63148 -64,0c-64.39098,23.4149 -121.92922,70 -194,70c-36.30512,0 -55.63843,-4.95764 -75,-34c-3.15944,-4.73916 -7.1121,-9.66369 -5,-16c4.4706,-13.41181 23.04753,5.69836 28,9c27.39444,18.26296 60.95965,42.65322 92,53c13.12225,4.37408 147.18714,7.93195 158,4c13.6684,-4.97033 27.35211,-9.88204 41,-15c7.40423,-2.77658 12.6882,-11.17205 20,-13c0.76228,-0.19057 8,-3 8,-3c0,0 -12.5966,6.69745 -13,7c-11.93226,8.94919 -20.682,20.38971 -34,28c-10.43945,5.9654 -24.23743,7.02079 -35,13c-66.9323,37.18461 -152.10979,44.89911 -228,38c-29.88579,-2.71689 -59.10668,-8.84267 -87,-20c-9.49043,-3.79617 -18.46518,-8.91365 -28,-13c-4.08077,-1.7489 -6.33791,-3.45054 -9,-7c-0.72111,-0.96148 -3.20185,-3 -2,-3c6.88678,0 20.93011,21.19013 25,26c18.85235,22.28005 49.15192,43.49368 76,55c49.90055,21.38595 202.93151,-9.87945 260,-27c15.26049,-4.57815 59.89055,-4.89055 71,-16c1.18138,-1.18138 -15.25563,4.17912 -17,5c-7.86493,3.70114 -14.72483,9.24316 -22,14c-20.30381,13.27557 -39.55534,26.4165 -59,41c-63.31513,47.48635 -128.07268,98.20607 -210,80c-5.33551,-1.18567 -12.92526,0.53737 -18,-2c-1.19257,-0.59628 0,-2.66667 0,-4c0,-6.63899 16.22172,-7.19457 21,-6c16.01242,4.0031 29.09451,12.15105 43,21c21.0915,13.42186 137.20771,23.39614 158,13c1.44419,-0.7221 2,-2.75916 2,-5c0,-5.41136 -18.98385,-4.67205 -24,-3c-5.8575,1.9525 -10.09131,8.63653 -16,11c-19.51493,7.80597 -39.22076,15 -61,15c-2.85122,0 -10.32659,1.34681 -12,-2c-0.43483,-0.86967 16.2091,-1 19,-1c7.62637,0 28.45874,-1.54126 34,4c0.52705,0.52705 1.25464,1 2,1"/>